function D = dpsstapers
% DPSS windows for multitaper method
%  same as D = dpss(512,3,6)
D = [
7.5021e-05  0.00059175   0.0031111    0.012305     0.03677     0.07885
8.6739e-05  0.00066363   0.0033883    0.013036    0.037988    0.079687
9.9339e-05  0.00073958    0.003676    0.013781    0.039203    0.080476
0.00011286   0.0008197   0.0039744     0.01454    0.040415    0.081217
0.00012734  0.00090412   0.0042837    0.015313     0.04162    0.081907
0.00014281  0.00099295   0.0046039      0.0161     0.04282    0.082547
0.00015933   0.0010863    0.004935    0.016899    0.044012    0.083136
0.00017692   0.0011843   0.0052772    0.017711    0.045195    0.083673
0.00019564    0.001287   0.0056306    0.018535    0.046369    0.084157
0.00021553   0.0013946   0.0059951    0.019371    0.047532    0.084587
0.00023663   0.0015072   0.0063709    0.020219    0.048683    0.084963
0.00025898   0.0016249    0.006758    0.021077    0.049821    0.085285
0.00028264   0.0017477   0.0071564    0.021946    0.050945    0.085552
0.00030765   0.0018759   0.0075661    0.022825    0.052054    0.085763
0.00033404   0.0020095   0.0079872    0.023713    0.053147    0.085918
0.00036189   0.0021487   0.0084197    0.024611    0.054223    0.086018
0.00039122   0.0022934   0.0088636    0.025517     0.05528     0.08606
 0.0004221    0.002444   0.0093189    0.026431    0.056317    0.086046
0.00045457   0.0026004   0.0097854    0.027352    0.057334    0.085975
0.00048869   0.0027627    0.010263     0.02828     0.05833    0.085847
0.00052449   0.0029311    0.010753    0.029214    0.059303    0.085662
0.00056205   0.0031057    0.011253    0.030154    0.060252     0.08542
0.00060141   0.0032866    0.011765    0.031098    0.061177    0.085121
0.00064262   0.0034738    0.012287    0.032048    0.062076    0.084765
0.00068574   0.0036675    0.012821    0.033001    0.062949    0.084353
0.00073082   0.0038678    0.013366    0.033957    0.063794    0.083884
0.00077792   0.0040747    0.013922    0.034915    0.064611    0.083358
 0.0008271   0.0042883    0.014488    0.035875    0.065398    0.082777
0.00087841   0.0045088    0.015065    0.036837    0.066155    0.082141
0.00093191   0.0047362    0.015652    0.037799    0.066881    0.081449
0.00098766   0.0049706     0.01625     0.03876    0.067574    0.080703
 0.0010457   0.0052121    0.016858     0.03972    0.068235    0.079903
 0.0011061   0.0054608    0.017476    0.040679    0.068862     0.07905
  0.001169   0.0057167    0.018104    0.041635    0.069455    0.078144
 0.0012343   0.0059799    0.018742    0.042588    0.070013    0.077186
 0.0013022   0.0062505    0.019389    0.043538    0.070534    0.076177
 0.0013726   0.0065285    0.020045    0.044482    0.071019    0.075118
 0.0014458    0.006814    0.020711    0.045421    0.071466     0.07401
 0.0015216   0.0071071    0.021385    0.046354    0.071876    0.072853
 0.0016003   0.0074078    0.022068     0.04728    0.072247    0.071648
 0.0016818   0.0077162     0.02276    0.048198    0.072579    0.070397
 0.0017662   0.0080323    0.023459    0.049108    0.072871    0.069101
 0.0018535   0.0083561    0.024167    0.050008    0.073123     0.06776
 0.0019439   0.0086878    0.024882    0.050899    0.073334    0.066376
 0.0020374   0.0090273    0.025604    0.051779    0.073504    0.064951
 0.0021341   0.0093746    0.026333    0.052647    0.073632    0.063485
  0.002234   0.0097299    0.027069    0.053503    0.073718    0.061979
 0.0023371    0.010093    0.027811    0.054346    0.073762    0.060436
 0.0024436    0.010464     0.02856    0.055175    0.073764    0.058856
 0.0025535    0.010843    0.029314    0.055989    0.073722     0.05724
 0.0026669     0.01123    0.030073    0.056788    0.073638    0.055592
 0.0027838    0.011625    0.030837    0.057571     0.07351     0.05391
 0.0029043    0.012028    0.031606    0.058337    0.073338    0.052199
 0.0030284    0.012439    0.032379    0.059086    0.073123    0.050458
 0.0031563    0.012858    0.033156    0.059816    0.072865    0.048689
 0.0032879    0.013285    0.033937    0.060527    0.072562    0.046895
 0.0034233    0.013719    0.034721    0.061219    0.072216    0.045076
 0.0035627    0.014162    0.035507    0.061889    0.071826    0.043235
  0.003706    0.014612    0.036295    0.062539    0.071393    0.041373
 0.0038533    0.015071    0.037085    0.063167    0.070916    0.039491
 0.0040047    0.015537    0.037877    0.063772    0.070396    0.037593
 0.0041602     0.01601     0.03867    0.064354    0.069832    0.035678
 0.0043199    0.016492    0.039463    0.064912    0.069226    0.033749
 0.0044839    0.016981    0.040256    0.065445    0.068577    0.031809
 0.0046521    0.017477    0.041048    0.065954    0.067886    0.029858
 0.0048247    0.017981     0.04184    0.066436    0.067153    0.027898
 0.0050018    0.018493     0.04263    0.066892    0.066379    0.025932
 0.0051832    0.019012    0.043419    0.067321    0.065563    0.023961
 0.0053692    0.019537    0.044205    0.067723    0.064707    0.021986
 0.0055598    0.020071    0.044988    0.068096    0.063811    0.020011
  0.005755    0.020611    0.045768    0.068441    0.062875    0.018036
 0.0059548    0.021158    0.046544    0.068756      0.0619    0.016064
 0.0061594    0.021712    0.047315    0.069042    0.060887    0.014095
 0.0063687    0.022272    0.048082    0.069298    0.059837    0.012133
 0.0065828    0.022839    0.048843    0.069523    0.058749    0.010179
 0.0068018    0.023413    0.049599    0.069717    0.057626   0.0082344
 0.0070257    0.023992    0.050348    0.069879    0.056467   0.0063014
 0.0072546    0.024578     0.05109     0.07001    0.055273   0.0043817
 0.0074884     0.02517    0.051824    0.070108    0.054046   0.0024771
 0.0077273    0.025768    0.052551    0.070174    0.052786   0.0005893
 0.0079712    0.026372    0.053269    0.070206    0.051494  -0.0012799
 0.0082202    0.026981    0.053978    0.070206    0.050171  -0.0031288
 0.0084744    0.027595    0.054677    0.070172    0.048818  -0.0049556
 0.0087337    0.028215    0.055366    0.070104    0.047436  -0.0067588
 0.0089983    0.028839    0.056045    0.070002    0.046026  -0.0085367
 0.0092681    0.029469    0.056712    0.069866    0.044589   -0.010288
 0.0095431    0.030103    0.057368    0.069695    0.043127    -0.01201
 0.0098235    0.030741    0.058011     0.06949     0.04164   -0.013702
  0.010109    0.031384    0.058642     0.06925    0.040129   -0.015363
    0.0104     0.03203    0.059259    0.068976    0.038596    -0.01699
  0.010697     0.03268    0.059862    0.068666    0.037043   -0.018583
  0.010998    0.033334    0.060451    0.068321    0.035469    -0.02014
  0.011305    0.033991    0.061026    0.067942    0.033877   -0.021659
  0.011618    0.034652    0.061585    0.067527    0.032267    -0.02314
  0.011936    0.035314    0.062128    0.067078    0.030641    -0.02458
   0.01226     0.03598    0.062655    0.066593    0.029001   -0.025979
  0.012589    0.036648    0.063165    0.066074    0.027347   -0.027336
  0.012923    0.037318    0.063657     0.06552    0.025681   -0.028649
  0.013263     0.03799    0.064132    0.064932    0.024004   -0.029917
  0.013608    0.038663    0.064588    0.064309    0.022318   -0.031139
  0.013959    0.039337    0.065026    0.063652    0.020624   -0.032314
  0.014315    0.040013    0.065444    0.062961    0.018924   -0.033441
  0.014677    0.040689    0.065843    0.062237    0.017218   -0.034519
  0.015044    0.041366    0.066222    0.061479    0.015509   -0.035548
  0.015417    0.042043     0.06658    0.060688    0.013797   -0.036526
  0.015795    0.042719    0.066917    0.059864    0.012084   -0.037453
  0.016179    0.043395    0.067232    0.059008    0.010372   -0.038327
  0.016568    0.044071    0.067526    0.058119   0.0086619   -0.039149
  0.016963    0.044745    0.067798      0.0572    0.006955   -0.039918
  0.017363    0.045418    0.068047    0.056249    0.005253   -0.040633
  0.017768    0.046089    0.068273    0.055267   0.0035571   -0.041293
